%YAML:1.0
---
MarkerSize: 5
MaxCorrectionBits: 0
ByteList: !!opencv-matrix
   rows: 11
   cols: 4
   dt: "4u"
   data: [ 222, 235, 255, 1, 255, 0, 0, 193, 255, 235, 189, 1, 255, 236,
       239, 32, 222, 234, 110, 1, 254, 246, 0, 193, 187, 43, 189, 1, 223,
       250, 255, 80, 222, 235, 107, 0, 254, 255, 0, 193, 107, 107, 189,
       1, 0, 0, 0, 0, 222, 234, 250, 0, 255, 255, 0, 193, 47, 171, 189,
       1, 0, 0, 0, 0, 222, 234, 231, 0, 233, 255, 0, 193, 115, 171, 189,
       1, 0, 0, 0, 0, 222, 235, 118, 0, 235, 255, 0, 193, 55, 107, 189,
       1, 0, 0, 0, 0, 222, 234, 115, 1, 239, 0, 0, 0, 231, 43, 189, 1,
       128, 0, 0, 97, 222, 235, 226, 1, 233, 0, 0, 0, 163, 235, 189, 1,
       128, 0, 0, 97, 222, 234, 95, 0, 236, 0, 0, 0, 125, 43, 189, 1, 0,
       0, 0, 97, 222, 235, 206, 0, 238, 0, 0, 0, 57, 235, 189, 1, 0, 0,
       0, 97, 222, 234, 203, 1, 249, 0, 0, 0, 233, 171, 189, 1, 128, 0,
       0, 97 ]
